2018-02-19_14-05-00  Venusstraße 4 87484  Nesselwang.png,1
2018-02-19_13-55-04  Schumacherring 51 87435  Kempten.png,1
2018-02-19_14-08-49  Kolpingstraße 24 88178  Heimenkirch.png,0
2018-02-19_14-11-28  Schützenstraße 14 87724  Ottobeuren.png,0
2018-02-19_13-55-14  Schumacherring 60 87435  Kempten.png,1
2018-02-19_14-15-26  Kapellenwiese 2 82377  Penzberg.png,0
2018-02-19_14-04-51  Erlenweg 16 87484  Nesselwang.png,0
2018-02-19_14-06-16  Saturnstraße 2 87484  Nesselwang.png,0
2018-02-19_14-05-46  Marsstraße 17 87484  Nesselwang.png,1
2018-02-19_13-59-07  Bei der Kapelle 12 87616  Wald.png,1
2018-02-19_14-04-09  Birkenstraße 3 87484  Nesselwang.png,0
2018-02-19_14-14-49  Westend 17 82377  Penzberg.png,1
2018-02-19_14-13-35  Stegfilzstraße 5 82377  Penzberg.png,1
2018-02-19_13-55-53  Multscherweg 9 87435  Kempten.png,1
2018-02-19_14-07-33  Sonnenstraße 1 87484  Nesselwang.png,1
2018-02-19_14-13-52  Stegfilzstraße 16 82377  Penzberg.png,0
2018-02-19_14-11-43  Sudetenstraße 5 87724  Ottobeuren.png,0
2018-02-19_14-14-13  GabrieleMünterWeg 10 82377  Penzberg.png,1
2018-02-19_14-10-48  Goethestraße 4 87724  Ottobeuren.png,0
2018-02-19_14-03-23  Baudrexelstraße 9 87629  Füssen.png,1
2018-02-19_14-07-16  Jupiterstraße 8 87484  Nesselwang.png,1
2018-02-19_14-03-06  Kagerstraße 16 87629  Füssen.png,1
2018-02-19_13-55-19  Wessobrunnerstraße 3 87435  Kempten.png,1
2018-02-19_13-55-46  Multscherweg 2 87435  Kempten.png,1
2018-02-19_14-00-54  Weiherweg 14 87616  Wald.png,0
2018-02-19_14-02-36  Feldkirchenstraße 13 87629  Füssen.png,2
2018-02-19_13-58-47  Ruderatsbachring 19 87616  Wald.png,0
2018-02-19_14-09-04  Leiblachstraße 9 88178  Heimenkirch.png,0
2018-02-19_14-06-30  Saturnstraße 13 87484  Nesselwang.png,1
2018-02-19_14-03-16  Baudrexelstraße 4 87629  Füssen.png,0
2018-02-19_13-55-55  Multscherweg 11 87435  Kempten.png,1
2018-02-19_14-14-11  GabrieleMünterWeg 9 82377  Penzberg.png,1
2018-02-19_13-58-32  Ruderatsbachring 7 87616  Wald.png,0
2018-02-19_14-12-24  Riedstraße 48 87724  Ottobeuren.png,1
2018-02-19_14-09-21  HansPfannerStraße 1 88178  Heimenkirch.png,0
2018-02-19_14-06-19  Saturnstraße 4 87484  Nesselwang.png,0
2018-02-19_13-59-23  Steinbichl 13 87616  Wald.png,0
2018-02-19_13-58-57  Bei der Kapelle 4 87616  Wald.png,1
2018-02-19_14-10-17  Mörikestraße 1 87724  Ottobeuren.png,0
2018-02-19_14-12-31  Bahnhofstraße 40 87724  Ottobeuren.png,0
2018-02-19_14-08-05  Frühlingstraße 7 88178  Heimenkirch.png,0
2018-02-19_14-10-11  HeinrichHeineStraße 17 87724  Ottobeuren.png,1
2018-02-19_14-09-54  HeinrichHeineStraße 5 87724  Ottobeuren.png,1
2018-02-19_14-14-01  GabrieleMünterWeg 2 82377  Penzberg.png,1
2018-02-19_14-13-40  Stegfilzstraße 8 82377  Penzberg.png,0
2018-02-19_13-54-31  Goethestraße 44 87435  Kempten.png,0
2018-02-19_14-11-24  Schützenstraße 11 87724  Ottobeuren.png,1
2018-02-19_14-12-08  Riedstraße 36 87724  Ottobeuren.png,1
2018-02-19_13-55-56  Multscherweg 12 87435  Kempten.png,0
2018-02-19_14-14-07  GabrieleMünterWeg 6 82377  Penzberg.png,0
2018-02-19_14-14-34  Westend 6 82377  Penzberg.png,0
2018-02-19_14-02-30  Feldkirchenstraße 8 87629  Füssen.png,1
2018-02-19_13-55-50  Multscherweg 6 87435  Kempten.png,0
2018-02-19_14-13-14  Herbststraße 9 82377  Penzberg.png,0
2018-02-19_13-54-40  KarlDiemWeg 8 87435  Kempten.png,0
2018-02-19_14-00-16  Osteranger 5 87616  Wald.png,1
2018-02-19_14-02-48  Kagerstraße 3 87629  Füssen.png,0
2018-02-19_14-12-10  Riedstraße 38 87724  Ottobeuren.png,0
2018-02-19_14-11-53  Sudetenstraße 12 87724  Ottobeuren.png,1
2018-02-19_14-07-35  Sonnenstraße 3 87484  Nesselwang.png,0
2018-02-19_14-11-52  Sudetenstraße 11 87724  Ottobeuren.png,0
2018-02-19_14-11-07  Goethestraße 18 87724  Ottobeuren.png,0
2018-02-19_14-11-58  Sudetenstraße 16 87724  Ottobeuren.png,1
2018-02-19_14-13-16  Herbststraße 11 82377  Penzberg.png,0
2018-02-19_14-15-30  Kapellenwiese 5 82377  Penzberg.png,1
2018-02-19_14-14-44  Westend 13 82377  Penzberg.png,1
2018-02-19_14-14-10  GabrieleMünterWeg 8 82377  Penzberg.png,0
2018-02-19_14-03-22  Baudrexelstraße 8 87629  Füssen.png,0
2018-02-19_14-07-11  Jupiterstraße 4 87484  Nesselwang.png,0
2018-02-19_14-07-37  Sonnenstraße 4 87484  Nesselwang.png,0
2018-02-19_13-55-24  Wessobrunnerstraße 7 87435  Kempten.png,0
2018-02-19_14-03-52  Im Venetianerwinkel 12 87629  Füssen.png,0
2018-02-19_14-09-02  Leiblachstraße 7 88178  Heimenkirch.png,0
2018-02-19_14-14-41  Westend 11 82377  Penzberg.png,1
2018-02-19_13-54-29  Goethestraße 43 87435  Kempten.png,0
2018-02-19_14-00-23  Osteranger 10 87616  Wald.png,1
2018-02-19_13-58-25  Ruderatsbachring 2 87616  Wald.png,1
2018-02-19_14-00-53  Weiherweg 13 87616  Wald.png,1
2018-02-19_14-06-00  Neptunweg 8 87484  Nesselwang.png,1
2018-02-19_14-02-08  Zollernstraße 10 87629  Füssen.png,1
2018-02-19_14-05-35  Marsstraße 9 87484  Nesselwang.png,0
2018-02-19_14-00-59  Weiherweg 18 87616  Wald.png,1
2018-02-19_14-02-21  Feldkirchenstraße 1 87629  Füssen.png,1
2018-02-19_14-06-36  Saturnstraße 17 87484  Nesselwang.png,1
2018-02-19_14-13-15  Herbststraße 10 82377  Penzberg.png,0
2018-02-19_14-10-15  HeinrichHeineStraße 20 87724  Ottobeuren.png,0
2018-02-19_14-12-13  Riedstraße 40 87724  Ottobeuren.png,1
2018-02-19_14-10-32  Mörikestraße 12 87724  Ottobeuren.png,0
2018-02-19_14-01-44  Schlagsteinweg 16 87629  Füssen.png,2
2018-02-19_13-59-06  Bei der Kapelle 11 87616  Wald.png,1
2018-02-19_14-07-01  Merkurstraße 16 87484  Nesselwang.png,1
2018-02-19_14-11-34  Schützenstraße 18 87724  Ottobeuren.png,0
2018-02-19_14-03-31  Baudrexelstraße 14 87629  Füssen.png,0
2018-02-19_14-07-53  Sonnenstraße 18 87484  Nesselwang.png,0
2018-02-19_14-14-27  Westend 1 82377  Penzberg.png,1
2018-02-19_14-08-46  Kolpingstraße 22 88178  Heimenkirch.png,0
2018-02-19_14-03-57  Im Venetianerwinkel 16 87629  Füssen.png,0
2018-02-19_14-15-27  Kapellenwiese 3 82377  Penzberg.png,0
2018-02-19_13-55-37  Wessobrunnerstraße 16 87435  Kempten.png,1
2018-02-19_13-58-39  Ruderatsbachring 12 87616  Wald.png,0
2018-02-19_13-59-22  Steinbichl 12 87616  Wald.png,1
2018-02-19_14-05-24  Marsstraße 1 87484  Nesselwang.png,1
2018-02-19_14-10-19  Mörikestraße 3 87724  Ottobeuren.png,0
2018-02-19_14-08-06  Frühlingstraße 8 88178  Heimenkirch.png,0
2018-02-19_14-06-50  Merkurstraße 8 87484  Nesselwang.png,1
2018-02-19_14-14-39  Westend 9 82377  Penzberg.png,1
2018-02-19_13-59-02  Bei der Kapelle 8 87616  Wald.png,0
2018-02-19_14-12-16  Riedstraße 42 87724  Ottobeuren.png,0
2018-02-19_14-04-48  Erlenweg 14 87484  Nesselwang.png,0
2018-02-19_14-14-50  Westend 18 82377  Penzberg.png,0
2018-02-19_13-55-49  Multscherweg 5 87435  Kempten.png,2
2018-02-19_14-12-58  Bahnhofstraße 57 87724  Ottobeuren.png,0
2018-02-19_14-05-18  Venusstraße 16 87484  Nesselwang.png,1
2018-02-19_14-05-03  Venusstraße 6 87484  Nesselwang.png,1
2018-02-19_14-01-06  Hohenösch 5 87616  Wald.png,1
2018-02-19_13-59-18  Bei der Kapelle 20 87616  Wald.png,1
2018-02-19_14-04-18  Birkenstraße 11 87484  Nesselwang.png,0
2018-02-19_14-07-07  Jupiterstraße 1 87484  Nesselwang.png,0
2018-02-19_13-55-09  Schumacherring 55 87435  Kempten.png,0
2018-02-19_14-12-53  Bahnhofstraße 53 87724  Ottobeuren.png,0
2018-02-19_14-01-47  Schlagsteinweg 18 87629  Füssen.png,0
2018-02-19_14-05-12  Venusstraße 12 87484  Nesselwang.png,1
2018-02-19_14-05-37  Marsstraße 10 87484  Nesselwang.png,1
2018-02-19_14-07-57  Frühlingstraße 1 88178  Heimenkirch.png,1
2018-02-19_14-10-42  Mörikestraße 20 87724  Ottobeuren.png,0
2018-02-19_14-01-01  Weiherweg 19 87616  Wald.png,1
2018-02-19_14-11-23  Schützenstraße 10 87724  Ottobeuren.png,0
2018-02-19_13-54-48  KarlDiemWeg 15 87435  Kempten.png,2
2018-02-19_14-02-41  Feldkirchenstraße 17 87629  Füssen.png,0
2018-02-19_14-11-30  Schützenstraße 15 87724  Ottobeuren.png,1
2018-02-19_14-12-06  Riedstraße 35 87724  Ottobeuren.png,0
2018-02-19_14-10-25  Mörikestraße 7 87724  Ottobeuren.png,1
2018-02-19_13-54-24  Goethestraße 38 87435  Kempten.png,0
2018-02-19_14-15-31  Kapellenwiese 6 82377  Penzberg.png,1
2018-02-19_14-05-31  Marsstraße 6 87484  Nesselwang.png,0
2018-02-19_14-05-50  Marsstraße 20 87484  Nesselwang.png,1
2018-02-19_14-12-18  Riedstraße 43 87724  Ottobeuren.png,0
2018-02-19_14-04-42  Erlenweg 10 87484  Nesselwang.png,0
2018-02-19_14-00-50  Weiherweg 11 87616  Wald.png,1
2018-02-19_14-04-02  Im Venetianerwinkel 20 87629  Füssen.png,0
2018-02-19_14-08-04  Frühlingstraße 6 88178  Heimenkirch.png,0
2018-02-19_14-08-34  Kolpingstraße 10 88178  Heimenkirch.png,1
2018-02-19_14-07-41  Sonnenstraße 8 87484  Nesselwang.png,0
2018-02-19_14-10-07  HeinrichHeineStraße 14 87724  Ottobeuren.png,1
2018-02-19_14-11-32  Schützenstraße 17 87724  Ottobeuren.png,0
2018-02-19_14-04-04  Im Venetianerwinkel 21 87629  Füssen.png,1
2018-02-19_14-02-39  Feldkirchenstraße 15 87629  Füssen.png,1
2018-02-19_14-08-26  Kolpingstraße 4 88178  Heimenkirch.png,0
2018-02-19_14-04-46  Erlenweg 13 87484  Nesselwang.png,0
2018-02-19_13-58-37  Ruderatsbachring 11 87616  Wald.png,1
2018-02-19_14-01-57  Zollernstraße 2 87629  Füssen.png,0
2018-02-19_14-10-38  Mörikestraße 17 87724  Ottobeuren.png,0
2018-02-19_14-04-26  Birkenstraße 17 87484  Nesselwang.png,0
2018-02-19_14-06-59  Merkurstraße 15 87484  Nesselwang.png,2
2018-02-19_14-13-12  Herbststraße 8 82377  Penzberg.png,0
2018-02-19_14-11-36  Schützenstraße 20 87724  Ottobeuren.png,0
2018-02-19_14-04-40  Erlenweg 8 87484  Nesselwang.png,1
2018-02-19_14-15-23  Zugspitzstraße 20 82377  Penzberg.png,0
2018-02-19_14-11-09  Goethestraße 20 87724  Ottobeuren.png,0
2018-02-19_14-00-48  Weiherweg 9 87616  Wald.png,0
2018-02-19_14-10-33  Mörikestraße 13 87724  Ottobeuren.png,1
2018-02-19_14-00-24  Osteranger 11 87616  Wald.png,1
2018-02-19_14-08-29  Kolpingstraße 6 88178  Heimenkirch.png,0
2018-02-19_14-05-43  Marsstraße 15 87484  Nesselwang.png,1
2018-02-19_14-02-46  Kagerstraße 1 87629  Füssen.png,1
2018-02-19_14-11-02  Goethestraße 14 87724  Ottobeuren.png,0
2018-02-19_14-05-38  Marsstraße 11 87484  Nesselwang.png,1
2018-02-19_13-59-58  LukasWeberStraße 11 87616  Wald.png,2
2018-02-19_14-11-49  Sudetenstraße 9 87724  Ottobeuren.png,0
2018-02-19_14-13-51  Stegfilzstraße 15 82377  Penzberg.png,0
2018-02-19_14-15-50  Kapellenwiese 19 82377  Penzberg.png,1
2018-02-19_14-01-25  Hohenösch 20 87616  Wald.png,1
2018-02-19_14-01-43  Schlagsteinweg 15 87629  Füssen.png,1
2018-02-19_14-13-55  Stegfilzstraße 18 82377  Penzberg.png,0
2018-02-19_14-07-40  Sonnenstraße 7 87484  Nesselwang.png,0
2018-02-19_14-11-20  Schützenstraße 8 87724  Ottobeuren.png,0
2018-02-19_14-04-21  Birkenstraße 13 87484  Nesselwang.png,0
2018-02-19_13-54-57  Schumacherring 45 87435  Kempten.png,1
2018-02-19_13-59-25  Steinbichl 14 87616  Wald.png,1
2018-02-19_14-00-55  Weiherweg 15 87616  Wald.png,0
2018-02-19_13-55-05  Schumacherring 52 87435  Kempten.png,1
2018-02-19_14-13-08  Herbststraße 5 82377  Penzberg.png,0
2018-02-19_14-11-18  Schützenstraße 6 87724  Ottobeuren.png,0
2018-02-19_13-59-39  Steinbichl 25 87616  Wald.png,2
2018-02-19_14-06-26  Saturnstraße 10 87484  Nesselwang.png,1
2018-02-19_14-02-47  Kagerstraße 2 87629  Füssen.png,1
2018-02-19_14-14-47  Westend 15 82377  Penzberg.png,1
2018-02-19_14-15-36  Kapellenwiese 9 82377  Penzberg.png,1
2018-02-19_13-55-07  Schumacherring 54 87435  Kempten.png,1
2018-02-19_14-10-14  HeinrichHeineStraße 19 87724  Ottobeuren.png,1
2018-02-19_14-06-02  Neptunweg 10 87484  Nesselwang.png,0
2018-02-19_14-02-02  Zollernstraße 6 87629  Füssen.png,1
2018-02-19_14-01-18  Hohenösch 14 87616  Wald.png,1
2018-02-19_14-07-47  Sonnenstraße 13 87484  Nesselwang.png,1
2018-02-19_14-07-21  Jupiterstraße 11 87484  Nesselwang.png,0
2018-02-19_14-00-30  Osteranger 16 87616  Wald.png,1
2018-02-19_14-08-12  Frühlingstraße 12 88178  Heimenkirch.png,1
2018-02-19_14-01-15  Hohenösch 12 87616  Wald.png,1
2018-02-19_14-08-40  Kolpingstraße 16 88178  Heimenkirch.png,0
2018-02-19_14-07-55  Sonnenstraße 20 87484  Nesselwang.png,0
2018-02-19_14-01-40  Schlagsteinweg 13 87629  Füssen.png,0
2018-02-19_14-06-51  Merkurstraße 9 87484  Nesselwang.png,1
2018-02-19_14-08-47  Kolpingstraße 23 88178  Heimenkirch.png,0
2018-02-19_13-55-28  Wessobrunnerstraße 10 87435  Kempten.png,1
2018-02-19_13-58-46  Ruderatsbachring 18 87616  Wald.png,1
2018-02-19_14-02-54  Kagerstraße 7 87629  Füssen.png,0
2018-02-19_14-09-16  Leiblachstraße 18 88178  Heimenkirch.png,0
2018-02-19_14-04-56  Venusstraße 1 87484  Nesselwang.png,1
2018-02-19_14-15-37  Kapellenwiese 10 82377  Penzberg.png,1
2018-02-19_14-06-54  Merkurstraße 11 87484  Nesselwang.png,1
2018-02-19_14-09-52  HeinrichHeineStraße 4 87724  Ottobeuren.png,0
2018-02-19_14-05-41  Marsstraße 13 87484  Nesselwang.png,0
2018-02-19_14-06-44  Merkurstraße 3 87484  Nesselwang.png,1
2018-02-19_14-02-31  Feldkirchenstraße 9 87629  Füssen.png,1
2018-02-19_14-13-03  Herbststraße 1 82377  Penzberg.png,0
2018-02-19_14-11-46  Sudetenstraße 7 87724  Ottobeuren.png,1
2018-02-19_14-03-29  Baudrexelstraße 13 87629  Füssen.png,1
2018-02-19_14-04-05  Im Venetianerwinkel 22 87629  Füssen.png,0
2018-02-19_14-01-32  Schlagsteinweg 7 87629  Füssen.png,1
2018-02-19_13-55-26  Wessobrunnerstraße 8 87435  Kempten.png,0
2018-02-19_14-11-38  Sudetenstraße 1 87724  Ottobeuren.png,1
2018-02-19_14-09-57  HeinrichHeineStraße 7 87724  Ottobeuren.png,0
2018-02-19_14-03-43  Im Venetianerwinkel 5 87629  Füssen.png,0
2018-02-19_14-02-27  Feldkirchenstraße 6 87629  Füssen.png,1
2018-02-19_14-07-31  Jupiterstraße 19 87484  Nesselwang.png,0
2018-02-19_14-04-32  Erlenweg 2 87484  Nesselwang.png,1
2018-02-19_14-01-58  Zollernstraße 3 87629  Füssen.png,0
2018-02-19_14-05-08  Venusstraße 9 87484  Nesselwang.png,1
2018-02-19_13-58-31  Ruderatsbachring 6 87616  Wald.png,1
2018-02-19_14-11-27  Schützenstraße 13 87724  Ottobeuren.png,1
2018-02-19_13-54-53  KarlDiemWeg 19 87435  Kempten.png,1
2018-02-19_14-06-57  Merkurstraße 13 87484  Nesselwang.png,1
2018-02-19_14-01-21  Hohenösch 17 87616  Wald.png,0
2018-02-19_14-02-25  Feldkirchenstraße 4 87629  Füssen.png,1
2018-02-19_14-12-33  Bahnhofstraße 41 87724  Ottobeuren.png,0
2018-02-19_14-03-25  Baudrexelstraße 10 87629  Füssen.png,0
2018-02-19_14-09-29  HansPfannerStraße 7 88178  Heimenkirch.png,1
2018-02-19_14-14-33  Westend 5 82377  Penzberg.png,1
2018-02-19_14-06-41  Merkurstraße 1 87484  Nesselwang.png,1
2018-02-19_13-55-12  Schumacherring 58 87435  Kempten.png,0
2018-02-19_14-04-52  Erlenweg 17 87484  Nesselwang.png,0
2018-02-19_14-09-14  Leiblachstraße 16 88178  Heimenkirch.png,0
2018-02-19_14-06-45  Merkurstraße 4 87484  Nesselwang.png,1
2018-02-19_14-09-09  Leiblachstraße 12 88178  Heimenkirch.png,0
2018-02-19_14-13-04  Herbststraße 2 82377  Penzberg.png,0
2018-02-19_14-02-29  Feldkirchenstraße 7 87629  Füssen.png,1
2018-02-19_14-06-33  Saturnstraße 15 87484  Nesselwang.png,0
2018-02-19_14-08-14  Frühlingstraße 14 88178  Heimenkirch.png,1
2018-02-19_13-59-11  Bei der Kapelle 15 87616  Wald.png,0
2018-02-19_13-59-13  Bei der Kapelle 16 87616  Wald.png,1
2018-02-19_14-14-08  GabrieleMünterWeg 7 82377  Penzberg.png,1
2018-02-19_14-03-51  Im Venetianerwinkel 11 87629  Füssen.png,1
2018-02-19_13-59-21  Steinbichl 11 87616  Wald.png,1
2018-02-19_13-54-49  KarlDiemWeg 16 87435  Kempten.png,1
2018-02-19_14-07-14  Jupiterstraße 6 87484  Nesselwang.png,0
2018-02-19_14-11-04  Goethestraße 16 87724  Ottobeuren.png,0
2018-02-19_14-04-16  Birkenstraße 9 87484  Nesselwang.png,0
2018-02-19_14-07-45  Sonnenstraße 11 87484  Nesselwang.png,1
2018-02-19_14-02-06  Zollernstraße 9 87629  Füssen.png,1
2018-02-19_14-14-58  Zugspitzstraße 3 82377  Penzberg.png,0
2018-02-19_14-05-06  Venusstraße 8 87484  Nesselwang.png,0
2018-02-19_14-00-58  Weiherweg 17 87616  Wald.png,0
2018-02-19_14-15-48  Kapellenwiese 18 82377  Penzberg.png,0
2018-02-19_14-11-50  Sudetenstraße 10 87724  Ottobeuren.png,1
2018-02-19_14-03-56  Im Venetianerwinkel 15 87629  Füssen.png,1
2018-02-19_13-55-36  Wessobrunnerstraße 15 87435  Kempten.png,1
2018-02-19_13-55-02  Schumacherring 49 87435  Kempten.png,1
2018-02-19_14-01-02  Weiherweg 20 87616  Wald.png,1
2018-02-19_14-00-21  Osteranger 9 87616  Wald.png,1
2018-02-19_14-08-32  Kolpingstraße 8 88178  Heimenkirch.png,0
2018-02-19_14-12-04  Riedstraße 33 87724  Ottobeuren.png,1
2018-02-19_14-03-48  Im Venetianerwinkel 9 87629  Füssen.png,0
2018-02-19_14-11-40  Sudetenstraße 3 87724  Ottobeuren.png,1
2018-02-19_14-12-41  Bahnhofstraße 46 87724  Ottobeuren.png,0
2018-02-19_14-00-46  Weiherweg 8 87616  Wald.png,0
2018-02-19_13-58-42  Ruderatsbachring 15 87616  Wald.png,0
2018-02-19_14-13-29  Stegfilzstraße 1 82377  Penzberg.png,1
2018-02-19_14-05-33  Marsstraße 7 87484  Nesselwang.png,0
2018-02-19_14-09-03  Leiblachstraße 8 88178  Heimenkirch.png,0
2018-02-19_14-04-06  Birkenstraße 1 87484  Nesselwang.png,1
2018-02-19_14-15-02  Zugspitzstraße 6 82377  Penzberg.png,0
2018-02-19_14-10-22  Mörikestraße 5 87724  Ottobeuren.png,0
2018-02-19_14-06-17  Saturnstraße 3 87484  Nesselwang.png,1
2018-02-19_13-59-27  Steinbichl 16 87616  Wald.png,1
2018-02-19_14-03-35  Baudrexelstraße 17 87629  Füssen.png,1
2018-02-19_14-15-04  Zugspitzstraße 7 82377  Penzberg.png,1
2018-02-19_14-10-28  Mörikestraße 9 87724  Ottobeuren.png,0
2018-02-19_14-04-39  Erlenweg 7 87484  Nesselwang.png,0
2018-02-19_13-59-49  LukasWeberStraße 4 87616  Wald.png,1
2018-02-19_14-03-07  Kagerstraße 17 87629  Füssen.png,0
2018-02-19_14-02-24  Feldkirchenstraße 3 87629  Füssen.png,0
2018-02-19_14-01-20  Hohenösch 16 87616  Wald.png,1
2018-02-19_14-00-20  Osteranger 8 87616  Wald.png,0
2018-02-19_14-10-49  Goethestraße 5 87724  Ottobeuren.png,0
2018-02-19_14-03-18  Baudrexelstraße 5 87629  Füssen.png,1
2018-02-19_14-15-09  Zugspitzstraße 11 82377  Penzberg.png,0
2018-02-19_13-54-43  KarlDiemWeg 10 87435  Kempten.png,0
2018-02-19_14-04-45  Erlenweg 12 87484  Nesselwang.png,0
2018-02-19_13-59-05  Bei der Kapelle 10 87616  Wald.png,0
2018-02-19_14-04-08  Birkenstraße 2 87484  Nesselwang.png,1
2018-02-19_14-09-24  HansPfannerStraße 3 88178  Heimenkirch.png,0
2018-02-19_14-09-42  HansPfannerStraße 16 88178  Heimenkirch.png,0
2018-02-19_14-00-26  Osteranger 13 87616  Wald.png,1
2018-02-19_14-05-54  Neptunweg 3 87484  Nesselwang.png,1
2018-02-19_13-59-15  Bei der Kapelle 18 87616  Wald.png,1
2018-02-19_13-54-13  Goethestraße 30 87435  Kempten.png,1
2018-02-19_14-03-58  Im Venetianerwinkel 17 87629  Füssen.png,2
2018-02-19_14-08-09  Frühlingstraße 10 88178  Heimenkirch.png,1
2018-02-19_14-09-33  HansPfannerStraße 10 88178  Heimenkirch.png,0
2018-02-19_13-59-35  Steinbichl 22 87616  Wald.png,1
2018-02-19_14-03-01  Kagerstraße 12 87629  Füssen.png,1
2018-02-19_14-12-51  Bahnhofstraße 52 87724  Ottobeuren.png,0
2018-02-19_14-00-41  Weiherweg 4 87616  Wald.png,1
2018-02-19_14-09-26  HansPfannerStraße 5 88178  Heimenkirch.png,1
2018-02-19_14-01-19  Hohenösch 15 87616  Wald.png,0
2018-02-19_13-54-59  Schumacherring 47 87435  Kempten.png,1
2018-02-19_14-01-31  Schlagsteinweg 6 87629  Füssen.png,0
2018-02-19_13-58-51  Bei der Kapelle 2 87616  Wald.png,1
2018-02-19_13-54-39  KarlDiemWeg 7 87435  Kempten.png,0
2018-02-19_13-55-54  Multscherweg 10 87435  Kempten.png,0
2018-02-19_14-12-27  Riedstraße 50 87724  Ottobeuren.png,0
2018-02-19_14-02-51  Kagerstraße 5 87629  Füssen.png,0
2018-02-19_14-09-15  Leiblachstraße 17 88178  Heimenkirch.png,0
2018-02-19_13-55-31  Wessobrunnerstraße 12 87435  Kempten.png,2
2018-02-19_14-07-26  Jupiterstraße 15 87484  Nesselwang.png,1
2018-02-19_14-04-36  Erlenweg 5 87484  Nesselwang.png,0
2018-02-19_13-59-38  Steinbichl 24 87616  Wald.png,1
2018-02-19_13-58-30  Ruderatsbachring 5 87616  Wald.png,1
2018-02-19_14-00-45  Weiherweg 7 87616  Wald.png,0
2018-02-19_14-07-51  Sonnenstraße 16 87484  Nesselwang.png,1
2018-02-19_13-54-36  KarlDiemWeg 4 87435  Kempten.png,0
2018-02-19_14-06-38  Saturnstraße 19 87484  Nesselwang.png,0
2018-02-19_14-02-33  Feldkirchenstraße 11 87629  Füssen.png,1
2018-02-19_14-07-19  Jupiterstraße 10 87484  Nesselwang.png,1
2018-02-19_14-00-49  Weiherweg 10 87616  Wald.png,0
2018-02-19_14-10-29  Mörikestraße 10 87724  Ottobeuren.png,0
2018-02-19_14-15-08  Zugspitzstraße 10 82377  Penzberg.png,0
2018-02-19_13-59-48  LukasWeberStraße 3 87616  Wald.png,0
2018-02-19_14-10-30  Mörikestraße 11 87724  Ottobeuren.png,0
2018-02-19_14-12-21  Riedstraße 46 87724  Ottobeuren.png,1
2018-02-19_14-02-00  Zollernstraße 4 87629  Füssen.png,0
2018-02-19_13-54-27  Goethestraße 41 87435  Kempten.png,0
2018-02-19_13-58-56  Bei der Kapelle 3 87616  Wald.png,0
2018-02-19_14-06-29  Saturnstraße 12 87484  Nesselwang.png,1
2018-02-19_14-00-56  Weiherweg 16 87616  Wald.png,0
2018-02-19_14-10-51  Goethestraße 6 87724  Ottobeuren.png,1
2018-02-19_13-59-42  Steinbichl 27 87616  Wald.png,0
2018-02-19_14-04-12  Birkenstraße 6 87484  Nesselwang.png,1
2018-02-19_14-10-57  Goethestraße 11 87724  Ottobeuren.png,1
2018-02-19_14-01-35  Schlagsteinweg 9 87629  Füssen.png,0
2018-02-19_14-09-50  HeinrichHeineStraße 2 87724  Ottobeuren.png,0
2018-02-19_14-02-35  Feldkirchenstraße 12 87629  Füssen.png,1
2018-02-19_14-00-39  Weiherweg 2 87616  Wald.png,1
2018-02-19_13-54-47  KarlDiemWeg 14 87435  Kempten.png,1
2018-02-19_13-58-36  Ruderatsbachring 10 87616  Wald.png,0
2018-02-19_14-04-23  Birkenstraße 15 87484  Nesselwang.png,0
2018-02-19_14-10-12  HeinrichHeineStraße 18 87724  Ottobeuren.png,0
2018-02-19_14-07-34  Sonnenstraße 2 87484  Nesselwang.png,0
2018-02-19_14-04-58  Venusstraße 2 87484  Nesselwang.png,1
2018-02-19_14-11-13  Schützenstraße 3 87724  Ottobeuren.png,0
2018-02-19_14-08-17  Frühlingstraße 16 88178  Heimenkirch.png,1
2018-02-19_13-59-04  Bei der Kapelle 9 87616  Wald.png,1
2018-02-19_13-55-10  Schumacherring 56 87435  Kempten.png,0
2018-02-19_14-12-28  Riedstraße 51 87724  Ottobeuren.png,0
2018-02-19_14-02-05  Zollernstraße 8 87629  Füssen.png,0
2018-02-19_14-02-32  Feldkirchenstraße 10 87629  Füssen.png,1
2018-02-19_13-54-58  Schumacherring 46 87435  Kempten.png,0
2018-02-19_14-12-09  Riedstraße 37 87724  Ottobeuren.png,0
2018-02-19_14-04-35  Erlenweg 4 87484  Nesselwang.png,0
2018-02-19_13-59-30  Steinbichl 18 87616  Wald.png,0
2018-02-19_14-08-43  Kolpingstraße 19 88178  Heimenkirch.png,0
2018-02-19_14-08-50  Leiblachstraße 1 88178  Heimenkirch.png,0
2018-02-19_14-05-39  Marsstraße 12 87484  Nesselwang.png,1
2018-02-19_13-58-50  Bei der Kapelle 1 87616  Wald.png,0
2018-02-19_13-59-29  Steinbichl 17 87616  Wald.png,1
2018-02-19_13-59-40  Steinbichl 26 87616  Wald.png,1
2018-02-19_13-54-14  Goethestraße 31 87435  Kempten.png,0
2018-02-19_14-06-49  Merkurstraße 7 87484  Nesselwang.png,0
2018-02-19_14-02-04  Zollernstraße 7 87629  Füssen.png,1
2018-02-19_14-15-35  Kapellenwiese 8 82377  Penzberg.png,1
2018-02-19_14-01-26  Hohenösch 21 87616  Wald.png,0
2018-02-19_14-09-11  Leiblachstraße 14 88178  Heimenkirch.png,0
2018-02-19_14-15-41  Kapellenwiese 13 82377  Penzberg.png,1
2018-02-19_14-03-26  Baudrexelstraße 11 87629  Füssen.png,1
2018-02-19_14-09-07  Leiblachstraße 11 88178  Heimenkirch.png,0
2018-02-19_13-59-26  Steinbichl 15 87616  Wald.png,1
2018-02-19_14-10-00  HeinrichHeineStraße 9 87724  Ottobeuren.png,0
2018-02-19_14-08-24  Kolpingstraße 2 88178  Heimenkirch.png,0
2018-02-19_13-54-45  KarlDiemWeg 12 87435  Kempten.png,0
2018-02-19_14-12-12  Riedstraße 39 87724  Ottobeuren.png,0
2018-02-19_13-54-33  KarlDiemWeg 2 87435  Kempten.png,1
2018-02-19_14-07-08  Jupiterstraße 2 87484  Nesselwang.png,1
2018-02-19_13-54-09  Goethestraße 27 87435  Kempten.png,1
2018-02-19_13-54-54  KarlDiemWeg 20 87435  Kempten.png,1
2018-02-19_14-12-34  Bahnhofstraße 42 87724  Ottobeuren.png,0
2018-02-19_14-15-40  Kapellenwiese 12 82377  Penzberg.png,1
2018-02-19_14-08-13  Frühlingstraße 13 88178  Heimenkirch.png,1
2018-02-19_14-05-53  Neptunweg 2 87484  Nesselwang.png,1
2018-02-19_14-13-38  Stegfilzstraße 7 82377  Penzberg.png,0
2018-02-19_13-55-48  Multscherweg 4 87435  Kempten.png,1
2018-02-19_14-14-05  GabrieleMünterWeg 5 82377  Penzberg.png,2
2018-02-19_14-05-11  Venusstraße 11 87484  Nesselwang.png,1
2018-02-19_14-14-36  Westend 7 82377  Penzberg.png,1
2018-02-19_14-03-15  Baudrexelstraße 3 87629  Füssen.png,1
2018-02-19_14-15-11  Zugspitzstraße 12 82377  Penzberg.png,0
2018-02-19_13-59-34  Steinbichl 21 87616  Wald.png,1
2018-02-19_14-11-42  Sudetenstraße 4 87724  Ottobeuren.png,1
2018-02-19_14-03-14  Baudrexelstraße 2 87629  Füssen.png,0
2018-02-19_13-55-11  Schumacherring 57 87435  Kempten.png,0
2018-02-19_14-03-04  Kagerstraße 15 87629  Füssen.png,1
2018-02-19_14-05-15  Venusstraße 14 87484  Nesselwang.png,1
2018-02-19_14-06-25  Saturnstraße 9 87484  Nesselwang.png,1
2018-02-19_14-03-36  Baudrexelstraße 18 87629  Füssen.png,0
2018-02-19_13-58-45  Ruderatsbachring 17 87616  Wald.png,0
2018-02-19_13-55-20  Wessobrunnerstraße 4 87435  Kempten.png,1
2018-02-19_14-07-18  Jupiterstraße 9 87484  Nesselwang.png,0
2018-02-19_14-09-36  HansPfannerStraße 12 88178  Heimenkirch.png,0
2018-02-19_14-13-11  Herbststraße 7 82377  Penzberg.png,0
2018-02-19_14-13-43  Stegfilzstraße 10 82377  Penzberg.png,0
2018-02-19_14-11-08  Goethestraße 19 87724  Ottobeuren.png,1
2018-02-19_13-54-18  Goethestraße 34 87435  Kempten.png,0
2018-02-19_13-54-15  Goethestraße 32 87435  Kempten.png,1
2018-02-19_14-12-26  Riedstraße 49 87724  Ottobeuren.png,0
2018-02-19_14-06-52  Merkurstraße 10 87484  Nesselwang.png,0
2018-02-19_14-06-47  Merkurstraße 6 87484  Nesselwang.png,0
2018-02-19_14-09-55  HeinrichHeineStraße 6 87724  Ottobeuren.png,1
2018-02-19_14-04-37  Erlenweg 6 87484  Nesselwang.png,1
2018-02-19_13-54-35  KarlDiemWeg 3 87435  Kempten.png,0
2018-02-19_14-12-15  Riedstraße 41 87724  Ottobeuren.png,1
2018-02-19_14-10-09  HeinrichHeineStraße 16 87724  Ottobeuren.png,0
2018-02-19_14-15-51  Kapellenwiese 20 82377  Penzberg.png,0
2018-02-19_14-02-59  Kagerstraße 11 87629  Füssen.png,1
2018-02-19_14-01-50  Schlagsteinweg 20 87629  Füssen.png,0
2018-02-19_13-54-17  Goethestraße 33 87435  Kempten.png,0
2018-02-19_14-05-56  Neptunweg 5 87484  Nesselwang.png,1
2018-02-19_14-12-55  Bahnhofstraße 55 87724  Ottobeuren.png,0
2018-02-19_14-09-44  HansPfannerStraße 18 88178  Heimenkirch.png,0
2018-02-19_14-04-33  Erlenweg 3 87484  Nesselwang.png,1
2018-02-19_14-04-44  Erlenweg 11 87484  Nesselwang.png,0
2018-02-19_14-10-47  Goethestraße 3 87724  Ottobeuren.png,0
2018-02-19_14-11-26  Schützenstraße 12 87724  Ottobeuren.png,0
2018-02-19_14-09-39  HansPfannerStraße 14 88178  Heimenkirch.png,0
2018-02-19_14-05-44  Marsstraße 16 87484  Nesselwang.png,1
2018-02-19_14-07-22  Jupiterstraße 12 87484  Nesselwang.png,0
2018-02-19_14-09-25  HansPfannerStraße 4 88178  Heimenkirch.png,1
2018-02-19_14-08-37  Kolpingstraße 13 88178  Heimenkirch.png,2
2018-02-19_14-14-02  GabrieleMünterWeg 3 82377  Penzberg.png,1
2018-02-19_14-03-12  Baudrexelstraße 1 87629  Füssen.png,0
2018-02-19_14-14-04  GabrieleMünterWeg 4 82377  Penzberg.png,1
2018-02-19_14-07-25  Jupiterstraße 14 87484  Nesselwang.png,0
2018-02-19_14-12-44  Bahnhofstraße 48 87724  Ottobeuren.png,0
2018-02-19_14-05-02  Venusstraße 5 87484  Nesselwang.png,1
2018-02-19_14-14-59  Zugspitzstraße 4 82377  Penzberg.png,0
2018-02-19_13-58-33  Ruderatsbachring 8 87616  Wald.png,0
2018-02-19_13-59-17  Bei der Kapelle 19 87616  Wald.png,1
2018-02-19_14-10-54  Goethestraße 9 87724  Ottobeuren.png,1
2018-02-19_14-03-02  Kagerstraße 13 87629  Füssen.png,1
2018-02-19_14-06-05  Neptunweg 12 87484  Nesselwang.png,0
2018-02-19_14-05-34  Marsstraße 8 87484  Nesselwang.png,0
2018-02-19_14-00-11  Osteranger 1 87616  Wald.png,1
2018-02-19_14-04-17  Birkenstraße 10 87484  Nesselwang.png,1
2018-02-19_14-01-36  Schlagsteinweg 10 87629  Füssen.png,0
2018-02-19_14-01-14  Hohenösch 11 87616  Wald.png,0
2018-02-19_13-55-13  Schumacherring 59 87435  Kempten.png,0
2018-02-19_14-10-24  Mörikestraße 6 87724  Ottobeuren.png,0
2018-02-19_14-13-07  Herbststraße 4 82377  Penzberg.png,1
2018-02-19_14-02-10  Zollernstraße 12 87629  Füssen.png,1
2018-02-19_14-08-10  Frühlingstraße 11 88178  Heimenkirch.png,1
2018-02-19_14-06-15  Saturnstraße 1 87484  Nesselwang.png,1
2018-02-19_14-14-14  GabrieleMünterWeg 11 82377  Penzberg.png,1
2018-02-19_14-01-08  Hohenösch 7 87616  Wald.png,1
2018-02-19_14-11-55  Sudetenstraße 14 87724  Ottobeuren.png,1
2018-02-19_14-11-15  Schützenstraße 4 87724  Ottobeuren.png,0
2018-02-19_13-59-54  LukasWeberStraße 8 87616  Wald.png,0
2018-02-19_13-54-46  KarlDiemWeg 13 87435  Kempten.png,0
2018-02-19_14-15-12  Zugspitzstraße 13 82377  Penzberg.png,0
2018-02-19_14-03-40  Im Venetianerwinkel 3 87629  Füssen.png,1
2018-02-19_14-13-59  GabrieleMünterWeg 1 82377  Penzberg.png,0
2018-02-19_14-10-44  Goethestraße 1 87724  Ottobeuren.png,0
2018-02-19_14-05-42  Marsstraße 14 87484  Nesselwang.png,0
2018-02-19_14-01-28  Hohenösch 22 87616  Wald.png,1
2018-02-19_14-03-19  Baudrexelstraße 6 87629  Füssen.png,0
2018-02-19_14-15-29  Kapellenwiese 4 82377  Penzberg.png,0
2018-02-19_14-09-38  HansPfannerStraße 13 88178  Heimenkirch.png,0
2018-02-19_14-14-30  Westend 3 82377  Penzberg.png,1
2018-02-19_13-59-46  LukasWeberStraße 2 87616  Wald.png,0
2018-02-19_14-03-08  Kagerstraße 18 87629  Füssen.png,1
2018-02-19_14-11-16  Schützenstraße 5 87724  Ottobeuren.png,0
2018-02-19_14-12-42  Bahnhofstraße 47 87724  Ottobeuren.png,1
2018-02-19_14-15-21  Zugspitzstraße 19 82377  Penzberg.png,0
2018-02-19_13-55-47  Multscherweg 3 87435  Kempten.png,0
2018-02-19_14-08-51  Leiblachstraße 2 88178  Heimenkirch.png,0
2018-02-19_14-15-44  Kapellenwiese 15 82377  Penzberg.png,1
2018-02-19_14-07-12  Jupiterstraße 5 87484  Nesselwang.png,1
2018-02-19_14-05-05  Venusstraße 7 87484  Nesselwang.png,1
2018-02-19_14-10-18  Mörikestraße 2 87724  Ottobeuren.png,0
2018-02-19_13-59-31  Steinbichl 19 87616  Wald.png,1
2018-02-19_14-15-00  Zugspitzstraße 5 82377  Penzberg.png,0
2018-02-19_13-55-52  Multscherweg 8 87435  Kempten.png,0
2018-02-19_14-14-37  Westend 8 82377  Penzberg.png,1
2018-02-19_14-10-34  Mörikestraße 14 87724  Ottobeuren.png,0
2018-02-19_14-09-22  HansPfannerStraße 2 88178  Heimenkirch.png,1
2018-02-19_14-06-21  Saturnstraße 6 87484  Nesselwang.png,1
2018-02-19_14-11-21  Schützenstraße 9 87724  Ottobeuren.png,0
2018-02-19_14-11-48  Sudetenstraße 8 87724  Ottobeuren.png,1
2018-02-19_14-03-53  Im Venetianerwinkel 13 87629  Füssen.png,1
2018-02-19_14-01-33  Schlagsteinweg 8 87629  Füssen.png,0
2018-02-19_14-13-10  Herbststraße 6 82377  Penzberg.png,1
2018-02-19_14-07-48  Sonnenstraße 14 87484  Nesselwang.png,0
2018-02-19_13-55-18  Schumacherring 63 87435  Kempten.png,0
2018-02-19_14-04-10  Birkenstraße 4 87484  Nesselwang.png,1
2018-02-19_14-05-25  Marsstraße 2 87484  Nesselwang.png,0
2018-02-19_14-03-03  Kagerstraße 14 87629  Füssen.png,1
2018-02-19_14-11-03  Goethestraße 15 87724  Ottobeuren.png,1
2018-02-19_14-06-34  Saturnstraße 16 87484  Nesselwang.png,0
2018-02-19_14-08-00  Frühlingstraße 3 88178  Heimenkirch.png,1
2018-02-19_14-05-09  Venusstraße 10 87484  Nesselwang.png,1
2018-02-19_14-05-51  Neptunweg 1 87484  Nesselwang.png,1
2018-02-19_14-15-47  Kapellenwiese 17 82377  Penzberg.png,1
2018-02-19_14-15-45  Kapellenwiese 16 82377  Penzberg.png,1
2018-02-19_14-07-28  Jupiterstraße 17 87484  Nesselwang.png,1
2018-02-19_14-00-32  Osteranger 17 87616  Wald.png,0
2018-02-19_13-54-26  Goethestraße 40 87435  Kempten.png,0
2018-02-19_14-02-01  Zollernstraße 5 87629  Füssen.png,0
2018-02-19_14-07-39  Sonnenstraße 6 87484  Nesselwang.png,0
2018-02-19_14-12-05  Riedstraße 34 87724  Ottobeuren.png,1
2018-02-19_14-04-20  Birkenstraße 12 87484  Nesselwang.png,2
2018-02-19_14-05-30  Marsstraße 5 87484  Nesselwang.png,0
2018-02-19_14-09-06  Leiblachstraße 10 88178  Heimenkirch.png,0
2018-02-19_13-59-10  Bei der Kapelle 14 87616  Wald.png,1
2018-02-19_14-10-05  HeinrichHeineStraße 13 87724  Ottobeuren.png,1
2018-02-19_14-09-48  HeinrichHeineStraße 1 87724  Ottobeuren.png,0
2018-02-19_13-55-51  Multscherweg 7 87435  Kempten.png,0
2018-02-19_14-15-20  Zugspitzstraße 18 82377  Penzberg.png,0
2018-02-19_14-08-08  Frühlingstraße 9 88178  Heimenkirch.png,0
2018-02-19_13-59-53  LukasWeberStraße 7 87616  Wald.png,1
2018-02-19_13-55-00  Schumacherring 48 87435  Kempten.png,0
2018-02-19_14-03-42  Im Venetianerwinkel 4 87629  Füssen.png,1
2018-02-19_13-55-27  Wessobrunnerstraße 9 87435  Kempten.png,0
2018-02-19_14-14-43  Westend 12 82377  Penzberg.png,0
2018-02-19_14-07-23  Jupiterstraße 13 87484  Nesselwang.png,0
2018-02-19_14-08-58  Leiblachstraße 4 88178  Heimenkirch.png,0
2018-02-19_14-07-42  Sonnenstraße 9 87484  Nesselwang.png,1
2018-02-19_14-05-28  Marsstraße 4 87484  Nesselwang.png,0
2018-02-19_14-06-58  Merkurstraße 14 87484  Nesselwang.png,1
2018-02-19_14-13-58  Stegfilzstraße 20 82377  Penzberg.png,0
2018-02-19_14-12-54  Bahnhofstraße 54 87724  Ottobeuren.png,1
2018-02-19_14-03-28  Baudrexelstraße 12 87629  Füssen.png,0
2018-02-19_14-15-43  Kapellenwiese 14 82377  Penzberg.png,1
2018-02-19_14-13-06  Herbststraße 3 82377  Penzberg.png,1
2018-02-19_13-58-35  Ruderatsbachring 9 87616  Wald.png,1
2018-02-19_14-07-58  Frühlingstraße 2 88178  Heimenkirch.png,0
2018-02-19_13-59-50  LukasWeberStraße 5 87616  Wald.png,0
2018-02-19_14-00-51  Weiherweg 12 87616  Wald.png,0
2018-02-19_14-01-23  Hohenösch 18 87616  Wald.png,2
2018-02-19_14-15-33  Kapellenwiese 7 82377  Penzberg.png,0
2018-02-19_14-10-08  HeinrichHeineStraße 15 87724  Ottobeuren.png,1
2018-02-19_13-54-38  KarlDiemWeg 6 87435  Kempten.png,0
2018-02-19_14-00-34  Osteranger 19 87616  Wald.png,0
2018-02-19_14-02-38  Feldkirchenstraße 14 87629  Füssen.png,1
2018-02-19_14-05-27  Marsstraße 3 87484  Nesselwang.png,0
2018-02-19_14-02-26  Feldkirchenstraße 5 87629  Füssen.png,1
2018-02-19_14-08-38  Kolpingstraße 14 88178  Heimenkirch.png,1
2018-02-19_14-15-15  Zugspitzstraße 15 82377  Penzberg.png,0
2018-02-19_14-13-49  Stegfilzstraße 14 82377  Penzberg.png,2
2018-02-19_14-02-50  Kagerstraße 4 87629  Füssen.png,1
2018-02-19_14-09-51  HeinrichHeineStraße 3 87724  Ottobeuren.png,0
2018-02-19_14-01-29  Schlagsteinweg 5 87629  Füssen.png,1
2018-02-19_14-12-29  Riedstraße 52 87724  Ottobeuren.png,0
2018-02-19_14-07-52  Sonnenstraße 17 87484  Nesselwang.png,0
2018-02-19_13-55-35  Wessobrunnerstraße 14 87435  Kempten.png,1
2018-02-19_14-10-04  HeinrichHeineStraße 12 87724  Ottobeuren.png,1
2018-02-19_13-54-42  KarlDiemWeg 9 87435  Kempten.png,0
2018-02-19_14-00-36  Osteranger 20 87616  Wald.png,1
2018-02-19_14-08-23  Kolpingstraße 1 88178  Heimenkirch.png,0
2018-02-19_14-06-23  Saturnstraße 7 87484  Nesselwang.png,1
2018-02-19_14-12-36  Bahnhofstraße 43 87724  Ottobeuren.png,0
2018-02-19_14-00-14  Osteranger 4 87616  Wald.png,1
2018-02-19_13-59-45  LukasWeberStraße 1 87616  Wald.png,0
2018-02-19_13-54-06  Goethestraße 25 87435  Kempten.png,0
2018-02-19_14-00-19  Osteranger 7 87616  Wald.png,0
2018-02-19_14-07-46  Sonnenstraße 12 87484  Nesselwang.png,0
2018-02-19_14-09-35  HansPfannerStraße 11 88178  Heimenkirch.png,0
2018-02-19_14-10-59  Goethestraße 12 87724  Ottobeuren.png,1
2018-02-19_14-01-38  Schlagsteinweg 11 87629  Füssen.png,1
2018-02-19_14-11-10  Schützenstraße 1 87724  Ottobeuren.png,1
2018-02-19_14-05-55  Neptunweg 4 87484  Nesselwang.png,1
2018-02-19_14-04-30  Erlenweg 1 87484  Nesselwang.png,0
2018-02-19_14-03-09  Kagerstraße 19 87629  Füssen.png,0
2018-02-19_14-01-12  Hohenösch 10 87616  Wald.png,1
2018-02-19_14-11-19  Schützenstraße 7 87724  Ottobeuren.png,0
2018-02-19_14-12-20  Riedstraße 45 87724  Ottobeuren.png,0
2018-02-19_14-15-39  Kapellenwiese 11 82377  Penzberg.png,1
2018-02-19_14-10-01  HeinrichHeineStraße 10 87724  Ottobeuren.png,0
2018-02-19_14-14-40  Westend 10 82377  Penzberg.png,0
2018-02-19_14-09-13  Leiblachstraße 15 88178  Heimenkirch.png,0
2018-02-19_14-03-33  Baudrexelstraße 16 87629  Füssen.png,0
2018-02-19_14-08-19  Frühlingstraße 18 88178  Heimenkirch.png,1
2018-02-19_13-59-36  Steinbichl 23 87616  Wald.png,1
2018-02-19_14-09-58  HeinrichHeineStraße 8 87724  Ottobeuren.png,0
2018-02-19_14-14-55  Zugspitzstraße 1 82377  Penzberg.png,0
2018-02-19_14-02-53  Kagerstraße 6 87629  Füssen.png,1
2018-02-19_13-54-22  Goethestraße 37 87435  Kempten.png,0
2018-02-19_14-14-48  Westend 16 82377  Penzberg.png,0
2018-02-19_14-12-48  Bahnhofstraße 50 87724  Ottobeuren.png,0
2018-02-19_14-01-42  Schlagsteinweg 14 87629  Füssen.png,0
2018-02-19_14-15-14  Zugspitzstraße 14 82377  Penzberg.png,1
2018-02-19_14-04-11  Birkenstraße 5 87484  Nesselwang.png,2
2018-02-19_14-03-21  Baudrexelstraße 7 87629  Füssen.png,1
2018-02-19_14-07-50  Sonnenstraße 15 87484  Nesselwang.png,0
2018-02-19_14-14-31  Westend 4 82377  Penzberg.png,0
2018-02-19_13-58-58  Bei der Kapelle 5 87616  Wald.png,1
2018-02-19_14-00-13  Osteranger 3 87616  Wald.png,1
2018-02-19_14-11-31  Schützenstraße 16 87724  Ottobeuren.png,0
2018-02-19_14-00-37  Weiherweg 1 87616  Wald.png,0
2018-02-19_14-00-43  Weiherweg 5 87616  Wald.png,0
2018-02-19_14-12-38  Bahnhofstraße 44 87724  Ottobeuren.png,0
2018-02-19_13-58-27  Ruderatsbachring 3 87616  Wald.png,1
2018-02-19_14-02-55  Kagerstraße 8 87629  Füssen.png,1
2018-02-19_14-06-28  Saturnstraße 11 87484  Nesselwang.png,1
2018-02-19_14-09-10  Leiblachstraße 13 88178  Heimenkirch.png,1
2018-02-19_14-01-07  Hohenösch 6 87616  Wald.png,0
2018-02-19_14-04-14  Birkenstraße 7 87484  Nesselwang.png,2
2018-02-19_14-14-56  Zugspitzstraße 2 82377  Penzberg.png,0
2018-02-19_14-08-30  Kolpingstraße 7 88178  Heimenkirch.png,0
2018-02-19_14-10-02  HeinrichHeineStraße 11 87724  Ottobeuren.png,1
2018-02-19_14-05-20  Venusstraße 18 87484  Nesselwang.png,1
2018-02-19_13-55-06  Schumacherring 53 87435  Kempten.png,0
2018-02-19_14-00-28  Osteranger 14 87616  Wald.png,1
2018-02-19_13-59-19  Steinbichl 10 87616  Wald.png,0
2018-02-19_14-08-59  Leiblachstraße 5 88178  Heimenkirch.png,0
2018-02-19_13-54-07  Goethestraße 26 87435  Kempten.png,1
2018-02-19_14-09-28  HansPfannerStraße 6 88178  Heimenkirch.png,1
2018-02-19_13-55-23  Wessobrunnerstraße 6 87435  Kempten.png,1
2018-02-19_14-04-15  Birkenstraße 8 87484  Nesselwang.png,1
2018-02-19_13-59-57  LukasWeberStraße 10 87616  Wald.png,0
2018-02-19_14-12-19  Riedstraße 44 87724  Ottobeuren.png,0
2018-02-19_14-09-18  Leiblachstraße 19 88178  Heimenkirch.png,0
2018-02-19_14-06-32  Saturnstraße 14 87484  Nesselwang.png,0
2018-02-19_14-09-19  Leiblachstraße 20 88178  Heimenkirch.png,0
2018-02-19_14-05-58  Neptunweg 6 87484  Nesselwang.png,1
2018-02-19_13-58-44  Ruderatsbachring 16 87616  Wald.png,1
2018-02-19_14-07-15  Jupiterstraße 7 87484  Nesselwang.png,0
2018-02-19_14-02-40  Feldkirchenstraße 16 87629  Füssen.png,2
2018-02-19_14-10-40  Mörikestraße 18 87724  Ottobeuren.png,0
2018-02-19_13-54-55  Schumacherring 44 87435  Kempten.png,0
2018-02-19_14-11-05  Goethestraße 17 87724  Ottobeuren.png,1
2018-02-19_14-03-39  Baudrexelstraße 20 87629  Füssen.png,0
2018-02-19_14-12-46  Bahnhofstraße 49 87724  Ottobeuren.png,1
2018-02-19_14-07-44  Sonnenstraße 10 87484  Nesselwang.png,0
2018-02-19_14-06-46  Merkurstraße 5 87484  Nesselwang.png,0
2018-02-19_14-00-25  Osteranger 12 87616  Wald.png,0
2018-02-19_13-54-37  KarlDiemWeg 5 87435  Kempten.png,0
2018-02-19_14-13-45  Stegfilzstraße 11 82377  Penzberg.png,0
2018-02-19_13-59-00  Bei der Kapelle 6 87616  Wald.png,0
2018-02-19_13-55-17  Schumacherring 62 87435  Kempten.png,1
2018-02-19_13-54-28  Goethestraße 42 87435  Kempten.png,0
2018-02-19_14-01-03  Hohenösch 3 87616  Wald.png,1
2018-02-19_14-13-46  Stegfilzstraße 12 82377  Penzberg.png,0
2018-02-19_13-58-40  Ruderatsbachring 13 87616  Wald.png,0
2018-02-19_13-55-16  Schumacherring 61 87435  Kempten.png,0
2018-02-19_13-59-32  Steinbichl 20 87616  Wald.png,1
2018-02-19_14-01-09  Hohenösch 8 87616  Wald.png,1
2018-02-19_13-54-10  Goethestraße 28 87435  Kempten.png,1
2018-02-19_14-10-37  Mörikestraße 16 87724  Ottobeuren.png,1
2018-02-19_14-10-45  Goethestraße 2 87724  Ottobeuren.png,0
2018-02-19_14-05-23  Venusstraße 20 87484  Nesselwang.png,1
2018-02-19_14-15-17  Zugspitzstraße 16 82377  Penzberg.png,0
2018-02-19_14-01-24  Hohenösch 19 87616  Wald.png,0
2018-02-19_14-08-42  Kolpingstraße 18 88178  Heimenkirch.png,0
2018-02-19_14-06-55  Merkurstraße 12 87484  Nesselwang.png,0
2018-02-19_14-04-41  Erlenweg 9 87484  Nesselwang.png,0
2018-02-19_14-00-17  Osteranger 6 87616  Wald.png,1
2018-02-19_14-00-33  Osteranger 18 87616  Wald.png,0
2018-02-19_13-54-20  Goethestraße 35 87435  Kempten.png,0
2018-02-19_14-08-01  Frühlingstraße 4 88178  Heimenkirch.png,0
2018-02-19_13-54-52  KarlDiemWeg 18 87435  Kempten.png,1
2018-02-19_14-09-00  Leiblachstraße 6 88178  Heimenkirch.png,0
2018-02-19_14-14-53  Westend 20 82377  Penzberg.png,2
2018-02-19_14-10-21  Mörikestraße 4 87724  Ottobeuren.png,0
2018-02-19_14-13-42  Stegfilzstraße 9 82377  Penzberg.png,1
2018-02-19_14-11-39  Sudetenstraße 2 87724  Ottobeuren.png,1
2018-02-19_14-06-42  Merkurstraße 2 87484  Nesselwang.png,1
2018-02-19_14-08-44  Kolpingstraße 20 88178  Heimenkirch.png,0
2018-02-19_13-59-55  LukasWeberStraße 9 87616  Wald.png,1
2018-02-19_14-11-00  Goethestraße 13 87724  Ottobeuren.png,1
2018-02-19_14-04-59  Venusstraße 3 87484  Nesselwang.png,0
2018-02-19_14-01-55  Zollernstraße 1 87629  Füssen.png,1
2018-02-19_14-07-10  Jupiterstraße 3 87484  Nesselwang.png,0
2018-02-19_14-13-48  Stegfilzstraße 13 82377  Penzberg.png,0
2018-02-19_14-02-57  Kagerstraße 10 87629  Füssen.png,1
2018-02-19_14-03-32  Baudrexelstraße 15 87629  Füssen.png,1
2018-02-19_14-12-23  Riedstraße 47 87724  Ottobeuren.png,1
2018-02-19_14-13-31  Stegfilzstraße 2 82377  Penzberg.png,0
2018-02-19_14-15-06  Zugspitzstraße 9 82377  Penzberg.png,1
2018-02-19_13-55-29  Wessobrunnerstraße 11 87435  Kempten.png,1
2018-02-19_13-54-12  Goethestraße 29 87435  Kempten.png,0
2018-02-19_13-54-25  Goethestraße 39 87435  Kempten.png,2
2018-02-19_14-07-54  Sonnenstraße 19 87484  Nesselwang.png,1
2018-02-19_14-10-36  Mörikestraße 15 87724  Ottobeuren.png,1
2018-02-19_14-09-32  HansPfannerStraße 9 88178  Heimenkirch.png,1
2018-02-19_14-08-02  Frühlingstraße 5 88178  Heimenkirch.png,1
2018-02-19_14-05-48  Marsstraße 19 87484  Nesselwang.png,0
2018-02-19_14-15-18  Zugspitzstraße 17 82377  Penzberg.png,0
2018-02-19_13-54-44  KarlDiemWeg 11 87435  Kempten.png,0
2018-02-19_14-04-22  Birkenstraße 14 87484  Nesselwang.png,1
2018-02-19_13-54-51  KarlDiemWeg 17 87435  Kempten.png,0
2018-02-19_13-58-28  Ruderatsbachring 4 87616  Wald.png,0
2018-02-19_14-02-23  Feldkirchenstraße 2 87629  Füssen.png,1
2018-02-19_13-55-03  Schumacherring 50 87435  Kempten.png,0
2018-02-19_13-55-58  Multscherweg 14 87435  Kempten.png,0
2018-02-19_13-59-09  Bei der Kapelle 13 87616  Wald.png,1
2018-02-19_13-55-32  Wessobrunnerstraße 13 87435  Kempten.png,1
2018-02-19_14-12-57  Bahnhofstraße 56 87724  Ottobeuren.png,1
2018-02-19_14-04-49  Erlenweg 15 87484  Nesselwang.png,0
2018-02-19_14-06-24  Saturnstraße 8 87484  Nesselwang.png,1
2018-02-19_14-14-51  Westend 19 82377  Penzberg.png,1
2018-02-19_14-12-39  Bahnhofstraße 45 87724  Ottobeuren.png,0
2018-02-19_14-01-39  Schlagsteinweg 12 87629  Füssen.png,0
2018-02-19_14-10-26  Mörikestraße 8 87724  Ottobeuren.png,0
2018-02-19_14-13-37  Stegfilzstraße 6 82377  Penzberg.png,1
2018-02-19_13-54-32  KarlDiemWeg 1 87435  Kempten.png,0
2018-02-19_13-58-23  Ruderatsbachring 1 87616  Wald.png,1
2018-02-19_13-58-41  Ruderatsbachring 14 87616  Wald.png,0
2018-02-19_14-09-30  HansPfannerStraße 8 88178  Heimenkirch.png,0
2018-02-19_14-12-49  Bahnhofstraße 51 87724  Ottobeuren.png,1
2018-02-19_13-54-21  Goethestraße 36 87435  Kempten.png,0
2018-02-19_14-00-29  Osteranger 15 87616  Wald.png,2
2018-02-19_13-59-52  LukasWeberStraße 6 87616  Wald.png,0
2018-02-19_14-10-53  Goethestraße 8 87724  Ottobeuren.png,1
2018-02-19_14-11-12  Schützenstraße 2 87724  Ottobeuren.png,0
2018-02-19_14-14-45  Westend 14 82377  Penzberg.png,0
2018-02-19_14-11-35  Schützenstraße 19 87724  Ottobeuren.png,0
2018-02-19_14-14-28  Westend 2 82377  Penzberg.png,0
2018-02-19_14-10-52  Goethestraße 7 87724  Ottobeuren.png,1
2018-02-19_14-14-15  GabrieleMünterWeg 12 82377  Penzberg.png,0
2018-02-19_13-59-01  Bei der Kapelle 7 87616  Wald.png,1
2018-02-19_14-08-36  Kolpingstraße 12 88178  Heimenkirch.png,1
2018-02-19_14-00-44  Weiherweg 6 87616  Wald.png,1
2018-02-19_14-13-34  Stegfilzstraße 4 82377  Penzberg.png,0
2018-02-19_14-15-24  Kapellenwiese 1 82377  Penzberg.png,0
2018-02-19_14-06-40  Saturnstraße 20 87484  Nesselwang.png,0
2018-02-19_14-02-56  Kagerstraße 9 87629  Füssen.png,0
2018-02-19_14-06-37  Saturnstraße 18 87484  Nesselwang.png,0
2018-02-19_14-11-54  Sudetenstraße 13 87724  Ottobeuren.png,0
2018-02-19_14-03-59  Im Venetianerwinkel 18 87629  Füssen.png,0
2018-02-19_13-55-22  Wessobrunnerstraße 5 87435  Kempten.png,1
2018-02-19_14-06-20  Saturnstraße 5 87484  Nesselwang.png,1
2018-02-19_14-01-04  Hohenösch 4 87616  Wald.png,0
2018-02-19_13-55-45  Multscherweg 1 87435  Kempten.png,0
2018-02-19_14-10-41  Mörikestraße 19 87724  Ottobeuren.png,0
2018-02-19_14-03-47  Im Venetianerwinkel 8 87629  Füssen.png,0
2018-02-19_14-01-16  Hohenösch 13 87616  Wald.png,0
2018-02-19_14-13-32  Stegfilzstraße 3 82377  Penzberg.png,2
2018-02-19_14-10-56  Goethestraße 10 87724  Ottobeuren.png,1
2018-02-19_14-04-01  Im Venetianerwinkel 19 87629  Füssen.png,1
2018-02-19_14-07-38  Sonnenstraße 5 87484  Nesselwang.png,1
2018-02-19_13-59-14  Bei der Kapelle 17 87616  Wald.png,0
2018-02-19_14-15-05  Zugspitzstraße 8 82377  Penzberg.png,1
2018-02-19_14-01-11  Hohenösch 9 87616  Wald.png,1
2018-02-19_14-11-45  Sudetenstraße 6 87724  Ottobeuren.png,0
2018-02-19_14-13-00  Bahnhofstraße 58 87724  Ottobeuren.png,1
2018-02-19_14-05-47  Marsstraße 18 87484  Nesselwang.png,1