name: solarplants
channels:
  - defaults
dependencies:
  - asn1crypto=0.24.0=py36_0
  - backports=1.0=py36h81696a8_1
  - backports.weakref=1.0rc1=py36_0
  - bleach=1.5.0=py36_0
  - ca-certificates=2017.08.26=h94faf87_0
  - certifi=2018.1.18=py36_0
  - cffi=1.11.4=py36hfa6e2cd_0
  - chardet=3.0.4=py36h420ce6e_1
  - colorama=0.3.9=py36h029ae33_0
  - cryptography=2.1.4=py36he1d7878_0
  - decorator=4.2.1=py36_0
  - freetype=2.8=h51f8f2c_1
  - h5py=2.7.1=py36he54a1c3_0
  - hdf5=1.10.1=h98b8871_1
  - html5lib=0.9999999=py36_0
  - icc_rt=2017.0.4=h97af966_0
  - idna=2.6=py36h148d497_1
  - intel-openmp=2018.0.0=hd92c6cd_8
  - ipython=6.2.1=py36h9cf0123_1
  - ipython_genutils=0.2.0=py36h3c5d0ee_0
  - jedi=0.11.1=py36_0
  - jpeg=9b=hb83a4c4_2
  - keras=2.1.3=py36_0
  - libpng=1.6.34=h79bbb47_0
  - libprotobuf=3.4.1=h3dba5dd_0
  - libtiff=4.0.9=h0f13578_0
  - markdown=2.6.9=py36_0
  - mkl=2018.0.1=h2108138_4
  - numpy=1.14.0=py36h4a99626_1
  - olefile=0.45.1=py36_0
  - openssl=1.0.2n=h74b6da3_0
  - parso=0.1.1=py36hae3edee_0
  - pickleshare=0.7.4=py36h9de030f_0
  - pillow=5.0.0=py36h0738816_0
  - pip=9.0.1=py36h226ae91_4
  - prompt_toolkit=1.0.15=py36h60b8f86_0
  - protobuf=3.4.1=py36h07fa351_0
  - pycparser=2.18=py36hd053e01_1
  - pygments=2.2.0=py36hb010967_0
  - pyopenssl=17.5.0=py36h5b7d817_0
  - pysocks=1.6.7=py36h698d350_1
  - python=3.6.4=h6538335_1
  - pyyaml=3.12=py36h1d1928f_1
  - requests=2.18.4=py36h4371aae_1
  - scipy=1.0.0=py36h1260518_0
  - setuptools=38.4.0=py36_0
  - simplegeneric=0.8.1=py36_2
  - six=1.11.0=py36h4db2310_1
  - tensorflow=1.2.1=py36_0
  - tk=8.6.7=hcb92d03_3
  - traitlets=4.3.2=py36h096827d_0
  - urllib3=1.22=py36h276f60a_0
  - vc=14=h0510ff6_3
  - vs2015_runtime=14.0.25420=0
  - wcwidth=0.1.7=py36h3d5aa90_0
  - werkzeug=0.14.1=py36_0
  - wheel=0.30.0=py36h6c3ec14_1
  - win_inet_pton=1.0.1=py36he67d7fd_1
  - wincertstore=0.2=py36h7fe50ca_0
  - yaml=0.1.7=hc54c509_2
  - zlib=1.2.11=h8395fce_2
  - pip:
    - absl-py==0.1.10
    - tensorflow-tensorboard==1.5.1
prefix: C:\Users\l.piro\AppData\Local\Continuum\anaconda2\envs\solarplants

